2025,05,01,13,5546
2025,05,01,14,5546
2025,05,01,15,5546
2025,05,01,16,5546
2025,05,01,17,5546
2025,05,01,18,5546
2025,05,01,21,5546
2025,05,01,22,5546
2025,05,02,13,5605
2025,05,02,16,5618
2025,05,03,01,5618
2025,05,03,02,5618
2025,05,03,03,5618
2025,05,03,04,5618
2025,05,03,05,5618
2025,05,03,06,5618
2025,05,03,07,5618
2025,05,03,08,5618
2025,05,03,09,5618
2025,05,03,10,5618
2025,05,03,11,5618
2025,05,03,17,5057
2025,05,03,18,5057
2025,05,03,19,5059
2025,05,04,08,5067
2025,05,04,09,5069
2025,05,04,10,5071
2025,05,04,11,
2025,05,04,12,5079
2025,05,04,13,5081
2025,05,05,00,5089
2025,05,05,01,5094
2025,05,05,02,5098
2025,05,05,03,5098
2025,05,05,04,5098
2025,05,05,05,5098
2025,05,05,06,5098
2025,05,05,07,5102
2025,05,05,10,5202
2025,05,05,12,5204
2025,05,05,17,5208
2025,05,05,18,5210
2025,05,05,22,5228
2025,05,06,00,5234
2025,05,06,01,5234
2025,05,06,02,5234
2025,05,06,03,5234
2025,05,06,04,5234
2025,05,06,05,5234
2025,05,06,06,5234
2025,05,06,07,5234
2025,05,06,08,5238
2025,05,06,09,5240
2025,05,06,10,5240
2025,05,06,11,5242
2025,05,06,12,5242
2025,05,06,15,5021
2025,05,06,16,5023
2025,05,06,17,5027
2025,05,06,18,5027
2025,05,07,02,
2025,05,07,03,
2025,05,07,04,
2025,05,07,05,
2025,05,07,06,
2025,05,07,07,
2025,05,07,08,
2025,05,07,12,5051
2025,05,07,13,5057
2025,05,07,15,5061
2025,05,07,16,5061
2025,05,07,17,5061
2025,05,08,14,5077
2025,05,08,16,5077
2025,05,08,17,5077
2025,05,08,18,5077
2025,05,08,19,5077
2025,05,08,20,5077
2025,05,08,21,5077
2025,05,09,02,5081
2025,05,09,03,5081
2025,05,09,04,5081
2025,05,09,05,5087
2025,05,09,06,5091
2025,05,09,07,5093
2025,05,09,08,5093
2025,05,09,10,5101
2025,05,09,12,
2025,05,09,14,
2025,05,09,16,5105
2025,05,09,17,5105
2025,05,09,18,5105
2025,05,09,19,5107
2025,05,09,20,5107
2025,05,10,01,5107
2025,05,10,02,5107
2025,05,10,03,5107
2025,05,10,04,5107
2025,05,10,05,5107
2025,05,10,06,5107
2025,05,10,07,5107
2025,05,10,08,5257
2025,05,10,19,5269
2025,05,11,00,5269
2025,05,11,01,5269
2025,05,11,02,5271
2025,05,11,03,5273
2025,05,11,04,5273
2025,05,11,05,5273
2025,05,11,06,5273
2025,05,11,07,5273
2025,05,11,08,5273
2025,05,11,09,5273
2025,05,11,10,5277
2025,05,11,11,5277
2025,05,11,20,4973
2025,05,11,21,4977
2025,05,12,08,4421
2025,05,12,09,4451
2025,05,12,13,4453
2025,05,12,15,4516
2025,05,12,17,3652
2025,05,12,18,3653
2025,05,12,19,3654
2025,05,12,22,3659
2025,05,13,08,3824
2025,05,13,09,3828
2025,05,13,11,3002
2025,05,13,12,3020
2025,05,13,13,3022
2025,05,13,15,3026
2025,05,13,16,3029
2025,05,13,17,3029
2025,05,13,20,3033
2025,05,14,00,3034
2025,05,14,01,3034
2025,05,14,02,3035
2025,05,14,03,3036
2025,05,14,04,3043
2025,05,14,05,3043
2025,05,14,06,3043
2025,05,14,07,3044
2025,05,14,08,3044
2025,05,14,11,3046
2025,05,14,13,3046
2025,05,14,14,3046
2025,05,14,16,3051
2025,05,14,17,3051
2025,05,14,18,3051
2025,05,14,19,3051
2025,05,15,01,3061
2025,05,15,02,3061
2025,05,15,03,3061
2025,05,15,04,3061
2025,05,15,05,3061
2025,05,15,06,3062
2025,05,15,08,3063
2025,05,15,09,
2025,05,15,10,3063
2025,05,15,11,3063
2025,05,15,12,3063
2025,05,15,13,3063
2025,05,15,14,3063
2025,05,15,15,3063
2025,05,15,16,3063
2025,05,15,18,3072
2025,05,15,20,3078
2025,05,15,21,3078
2025,05,16,09,3176
2025,05,16,10,3176
2025,05,16,11,3176
2025,05,16,12,3176
2025,05,16,13,3176
2025,05,16,15,3180
2025,05,16,16,3180
2025,05,16,17,3182
2025,05,16,18,
2025,05,17,01,3186
2025,05,17,02,3186
2025,05,17,03,3186
2025,05,17,04,3187
2025,05,17,05,3187
2025,05,17,06,3189
2025,05,17,07,3189
2025,05,17,08,3191
2025,05,17,09,3273
2025,05,17,10,3273
2025,05,17,11,3275
2025,05,17,15,3285
2025,05,17,16,3286
2025,05,17,18,3289
2025,05,18,01,3305
2025,05,18,02,3307
2025,05,18,03,3307
2025,05,18,04,3307
2025,05,18,05,3307
2025,05,18,06,3307
2025,05,18,07,3307
2025,05,18,08,3307
2025,05,18,09,3307
2025,05,18,10,3307
2025,05,18,11,3307
2025,05,18,12,3307
2025,05,18,13,3307
2025,05,18,14,3309
2025,05,18,15,3309
2025,05,18,16,3311
2025,05,18,17,3319
2025,05,18,22,3323
2025,05,19,08,3352
2025,05,19,09,3352
2025,05,19,10,3352
2025,05,19,11,3352
2025,05,19,12,3352
2025,05,19,13,3352
2025,05,19,14,3352
2025,05,19,15,3352
2025,05,19,16,3354
2025,05,19,17,3354
2025,05,19,18,3354
2025,05,19,19,3354
2025,05,19,21,3354
2025,05,20,00,3355
2025,05,20,01,3361
2025,05,20,02,3361
2025,05,20,03,3363
2025,05,20,04,3365
2025,05,20,05,3367
2025,05,20,06,3367
2025,05,20,07,3367
2025,05,20,08,3370
2025,05,20,09,3370
2025,05,20,10,3370
2025,05,20,11,3370
2025,05,20,12,3370
2025,05,20,13,3377
2025,05,20,14,3379
2025,05,20,15,3379
2025,05,20,16,3380
2025,05,20,17,3387
2025,05,20,18,3389
2025,05,20,19,3390
2025,05,20,20,3398
2025,05,21,00,3441
2025,05,21,01,3443
2025,05,21,02,3445
2025,05,21,03,3446
2025,05,21,04,3448
2025,05,21,05,3448
2025,05,21,06,3448
2025,05,21,07,3448
2025,05,21,08,3449
2025,05,21,09,3450
2025,05,21,10,3450
2025,05,21,11,3450
2025,05,21,12,3450
2025,05,21,13,3450
2025,05,21,14,3450
2025,05,21,15,3450
2025,05,21,16,3544
2025,05,21,18,3547
2025,05,21,19,3547
2025,05,21,20,3547
2025,05,21,21,3547
2025,05,21,22,3547
2025,05,22,00,3550
2025,05,22,01,3550
2025,05,22,02,3550
2025,05,22,03,3550
2025,05,22,04,3550
2025,05,22,05,3550
2025,05,22,06,3550
2025,05,22,07,3550
2025,05,22,08,3651
2025,05,22,09,3651
2025,05,22,10,3651
2025,05,22,11,3651
2025,05,22,13,3532
2025,05,22,16,3532
2025,05,22,17,3532
2025,05,22,18,3532
2025,05,22,19,3532
2025,05,23,09,
2025,05,23,10,3562
2025,05,23,12,3571
2025,05,23,13,3573
2025,05,23,14,3573
2025,05,23,15,3574
2025,05,23,16,3574
2025,05,23,17,3575
2025,05,23,19,3578
2025,05,23,20,3579
2025,05,23,21,
2025,05,23,22,3579
2025,05,24,00,3601
2025,05,24,01,3602
2025,05,24,02,3605
2025,05,24,03,3605
2025,05,24,04,3605
2025,05,24,05,3606
2025,05,24,06,3606
2025,05,24,07,3606
2025,05,24,08,3607
2025,05,24,09,3607
2025,05,24,10,3609
2025,05,24,12,3815
2025,05,24,18,3841
2025,05,24,19,3842
2025,05,24,20,3842
2025,05,25,02,3924
2025,05,25,03,3924
2025,05,25,04,3927
2025,05,25,05,3930
2025,05,25,06,3931
2025,05,25,07,3931
2025,05,25,08,3931
2025,05,25,09,3932
2025,05,25,10,3934
2025,05,25,11,3939
2025,05,25,12,1834
2025,05,25,13,1838
2025,05,25,14,1839
2025,05,25,15,1840
2025,05,25,16,1841
2025,05,25,17,1843
2025,05,25,22,1851
